1000
730
618
-994
458
-726
-392
9
-865
-69
661
290
999
-384
-593
-493
-178
-352
-433
-66
980
-650
100
-880
287
555
125
-891
215
681
877
-159
57
697
953
633
-855
-461
-573
501
-17
-774
571
-267
-443
241
845
-817
-595
-893
-840
73
360
559
306
555
783
-306
326
672
479
318
39
381
221
954
344
354
-775
-994
-495
318
953
471
-131
-114
606
777
592
896
373
-842
-938
535
165
-519
446
-8
-743
-420
-909
345
-769
-661
-238
-233
94
33
689
-18
-814
-314
-307
907
-936
-337
59
-613
212
922
169
-814
537
489
34
-543
514
601
655
619
-885
105
-522
-985
-5
19
848
-806
-239
330
647
370
135
0
-674
-841
128
620
-149
-966
-789
856
296
-701
-102
832
753
-513
-176
-511
801
265
-490
867
760
-49
247
-925
-398
-561
359
743
-968
-880
-999
-593
80
482
796
595
162
667
-770
-738
-146
-964
-749
-824
-811
909
103
-118
876
-36
-59
376
-55
-593
578
749
-381
452
-859
29
-51
-310
-39
615
388
-872
845
-683
-988
488
602
-936
-652
498
714
-863
-51
-865
729
-922
642
849
534
-434
-292
-787
-560
718
-472
-110
-692
-362
166
84
323
517
801
341
-654
-521
-580
264
640
0
700
-345
419
732
-6
-691
-711
-212
-656
-514
-217
-546
509
361
-426
-363
-721
-705
311
-851
-331
-255
782
-102
-234
377
-347
-657
-850
-36
975
416
-741
-433
158
766
-493
-795
29
-174
-299
787
478
-192
-225
244
-785
329
-576
-985
-773
527
626
979
70
-614
-59
-31
883
-426
-998
342
745
-853
929
246
531
254
582
-902
-308
-275
-165
253
670
-479
267
243
-548
-625
647
-101
376
281
428
-5
747
442
200
-392
128
657
-344
86
949
-825
-710
259
-10
30
-186
-323
-271
960
476
-267
221
576
736
254
-413
-236
-295
356
299
-988
-667
-483
561
-719
-340
663
220
-897
658
-735
737
-744
479
-308
928
-224
-714
368
-317
795
-731
127
201
-66
-98
-555
415
-582
323
-771
-34
-251
-729
-80
-625
-426
275
-15
617
-648
605
321
-528
364
-575
805
516
93
-200
646
-763
-240
-404
32
707
-626
373
-54
-332
600
309
-238
179
-642
646
339
436
549
993
-641
448
-720
405
69
888
543
45
-145
624
-490
-868
557
442
-940
-137
-116
99
-618
-74
-816
683
-301
514
-528
-443
-948
420
416
-794
-426
-393
454
-221
-346
110
565
398
218
151
-740
849
604
349
68
951
366
-371
93
-60
-864
289
705
609
-59
620
-251
-967
-230
86
-785
420
-479
-166
522
-396
522
-794
-451
-717
673
-605
763
832
286
435
45
-787
-581
198
750
-597
146
-511
752
-567
995
229
732
526
743
409
890
83
-886
507
591
147
342
577
-311
-546
346
18
-117
-960
-774
-860
33
83
875
-616
-669
-896
-224
-416
-895
127
-100
305
-533
354
256
9
593
-804
386
-948
-768
229
-66
-528
-692
-583
250
406
-62
734
-733
331
-522
-192
763
-530
724
392
-351
-815
-538
-916
-590
873
554
901
-430
-816
-459
-836
-457
-585
-787
-545
141
400
110
374
-842
962
-872
523
563
-698
612
876
304
851
-56
120
-6
-475
-927
-477
413
59
992
-505
2
-755
-123
-952
-934
-329
716
-769
-546
146
-565
-788
406
632
-769
-104
-282
-987
748
871
521
-414
-326
-165
933
-654
-64
818
197
666
-245
701
866
-997
274
534
946
-735
-680
188
-574
625
-293
-219
810
903
683
141
823
-235
874
-925
-790
355
791
-670
250
-356
577
527
816
-778
-434
-682
-520
790
282
310
-761
-134
-429
81
-278
-649
-407
-937
571
6
-612
684
-391
-744
-677
792
464
73
156
595
250
280
371
96
-647
474
349
160
517
96
-876
411
704
-127
55
151
270
-482
-385
744
883
103
-947
358
577
-821
838
291
-782
820
-258
-222
-850
549
566
348
294
-411
-208
385
-891
-624
-602
44
-403
126
-522
-983
-77
-379
856
971
-543
-22
509
-759
-863
-251
-590
216
615
-483
-497
1000
797
-877
-512
31
607
940
341
-544
-637
100
619
-690
-553
372
-833
635
466
930
-167
308
423
0
238
-411
-267
76
254
452
-970
-784
-156
213
550
-678
-487
170
-689
26
-46
-799
617
993
673
-658
-159
-705
-606
752
-784
-600
-774
-604
915
348
-227
-530
212
763
-554
482
597
303
-163
294
892
-316
941
-372
818
572
798
-752
182
628
99
10
-740
582
-924
211
647
-475
-284
994
-647
-93
-549
-388
-781
139
-200
143
-721
139
-469
325
-906
-524
157
-982
163
-45
359
82
-502
-596
-171
84
72
231
445
753
956
-551
257
-818
899
143
-213
-342
-70
-329
14
-866
451
239
252
-718
984
-959
-746
607
909
-521
862
767
76
135
-268
69
867
-298
-90
-937
-139
-370
807
-130
-738
-918
-523
-993
-830
-756
297
-28
-818
-585
13
78
565
-401
756
-344
-355
637
779
733
429
-413
351
-477
-815
143
-121
678
320
-519
-414
-410
-280
639
-876
-77
-987
-784
459
-155
-52
-836
630
325
363
443
33
-434
-239
931
-86
-616
998
79
349
-95
-209
500
-68
280
581
-731
-400
-579
-144
-472
-766
-565
648
-704
-779
-950
786
150
827
519
-872
221
111
-405
-414
-578
-781
-953
759
291
832
996
-266
-587
41
447
