2000
957
-647
-780
-670
-313
-51
-418
79
482
588
-449
149
787
214
668
-372
-244
-655
45
-320
-474
639
705
581
-423
-481
-338
-966
360
928
539
-245
-829
-137
-284
602
427
845
381
-978
156
140
-724
587
-328
67
-201
314
-857
-131
709
-395
-143
501
-483
-179
737
609
509
-308
399
924
-914
977
-243
427
-178
491
-427
-272
-798
840
-869
822
-149
-601
300
-818
-160
753
210
-33
998
-556
-296
-864
977
498
-281
-975
893
95
957
-608
-863
414
600
961
-188
136
162
249
-591
435
113
-571
-333
-56
111
-968
79
370
958
182
-228
286
-461
-875
-747
205
-107
363
-3
-9
-402
-123
538
-108
-726
-807
-170
530
-751
-752
278
-695
-233
-434
-41
-270
639
626
820
297
950
553
685
78
-349
953
861
682
254
-28
971
562
736
748
-545
-915
885
-77
506
-405
-433
258
-377
950
-489
-854
395
870
770
49
190
-385
95
599
836
-96
187
957
97
604
-496
-533
-472
32
157
482
217
-763
869
792
151
606
391
923
-560
894
-788
584
761
-961
477
-434
-159
-958
205
588
-356
-199
698
-39
-186
334
-262
108
687
167
763
456
329
-607
533
882
395
-236
-114
-684
-330
-648
-250
-52
-383
258
-881
742
277
-309
936
930
812
-524
823
-981
-731
-777
-45
2
-211
-465
-44
395
610
-801
341
-579
23
-130
-924
-398
-780
-756
-736
-421
705
921
-25
134
311
-264
550
-688
432
-981
-840
512
-154
-385
-415
201
-483
646
-797
-621
-823
778
826
95
623
-80
-934
-337
308
-641
132
328
746
-136
958
449
-576
-369
-142
536
-871
-988
-306
-878
756
-648
500
-304
-341
811
78
828
-504
-945
796
-758
-299
978
-795
851
523
-715
18
-381
535
313
575
614
-596
-912
934
-453
273
964
899
-90
795
-769
-431
-70
547
-152
-889
162
958
567
697
-539
422
404
281
74
296
-421
877
556
173
-40
7
-934
674
861
-256
982
337
129
71
-225
-144
215
-34
664
-29
-674
275
-960
682
813
-470
-91
-406
806
-233
-517
-374
-443
-981
570
774
694
-828
404
-938
990
326
-582
57
-235
710
-317
-110
-704
130
-238
40
817
53
-285
-625
-751
988
-951
-111
290
478
814
-637
-206
-496
456
415
550
55
491
-977
-716
870
432
-340
-129
504
887
646
529
-59
319
-659
989
848
-240
517
-323
979
-448
436
-353
916
-178
896
-72
-723
-544
-413
-772
-411
-459
830
831
-966
976
-77
14
-768
243
-515
801
365
-675
-960
-274
-790
755
664
579
-720
411
-912
-492
-233
893
-860
664
-113
-639
-587
-929
-288
-674
464
752
-821
555
90
-205
52
638
-353
207
-672
63
502
336
-312
-914
-32
676
-391
-822
-41
150
935
789
71
321
-172
947
-673
-175
-229
-672
-893
-615
880
-185
228
-930
464
670
-42
649
-149
-457
-537
27
651
511
-135
84
-632
-481
-817
-364
-657
-294
-477
-574
178
102
-790
-319
-283
-429
-870
-136
81
558
-554
373
465
158
-487
807
-695
562
210
443
789
-791
826
277
-869
-541
175
-130
495
-26
248
966
-158
-190
-826
775
604
293
-521
-708
-366
-935
434
97
-615
-312
-167
-8
-11
-445
868
780
785
18
-461
950
-477
-8
-44
-630
265
134
592
64
-581
693
-8
-398
-474
-715
-126
41
26
755
-340
-360
204
-999
299
583
-111
379
215
419
250
605
-40
461
-651
168
190
554
-734
-476
-569
-283
-705
36
55
949
777
31
-915
-358
-822
817
471
-494
-877
-782
-758
-593
144
-866
535
-154
-953
683
-65
-331
783
760
977
73
162
-338
451
-218
-89
-809
795
-178
-325
820
67
-935
-668
931
-263
-238
-435
-486
-224
133
137
65
-962
851
-71
943
900
626
594
-429
29
-534
-137
-88
99
-880
517
-340
719
-162
964
-967
-336
-83
-118
-725
-817
374
-805
-486
74
39
-727
-226
-704
-300
-45
-85
-935
-274
-266
218
-619
-705
-352
3
798
-775
730
495
8
-929
247
280
-804
-196
836
-919
21
201
-360
-444
391
-780
-108
-767
835
378
77
340
246
809
549
543
-367
142
657
724
-363
-118
633
156
-872
940
-373
-14
-65
-604
-585
-212
944
754
-490
-211
-623
644
-235
-512
-631
68
-665
-913
617
-109
-687
796
196
311
-728
363
-51
523
627
987
-832
-308
992
253
220
385
-635
-427
-423
-147
840
-458
-432
53
-860
394
68
43
-668
495
-854
577
999
-426
622
-218
-525
185
334
852
343
805
576
784
373
-206
89
608
-960
837
-399
-250
830
-254
-659
-418
983
-170
-673
734
-3
393
343
-57
977
940
-44
805
758
15
-968
-86
-905
-156
-414
-352
224
-72
94
62
-766
671
250
321
-222
-527
-351
850
-369
-692
400
374
343
-494
-691
531
-475
-386
295
-530
-923
-568
975
-591
25
-112
381
136
-767
749
-390
347
314
-548
660
-131
304
756
-158
134
-284
343
-47
842
2
56
-594
-77
-961
-924
-946
578
924
10
-669
-780
-91
-925
-174
-254
331
-857
-890
-272
3
-837
-11
-601
893
620
706
676
704
-524
966
264
75
-141
249
-799
775
4
-832
292
36
-162
134
-176
214
311
-989
574
671
217
221
699
-824
-999
667
-564
994
649
826
735
-103
486
-278
-416
-957
971
-890
544
-584
648
212
721
577
629
597
-177
-405
-768
-999
346
747
189
911
465
500
-375
-942
605
-673
-139
706
672
738
-435
-689
696
771
665
-17
896
-564
583
507
-451
-760
-323
536
942
-915
-827
262
108
102
-177
-383
-940
-367
-743
989
-94
-80
-864
908
-657
-893
747
428
247
-230
603
248
286
701
772
725
-856
-44
-500
81
981
-399
-774
-983
-232
-695
373
439
-763
775
-116
254
849
-348
352
-327
64
207
629
780
350
-744
681
-877
566
699
637
27
530
996
-829
197
862
-961
-143
273
-433
521
21
602
712
653
224
46
617
-842
241
523
716
-636
388
91
-463
-288
-322
299
-505
45
-455
621
-599
155
884
426
85
-399
-697
425
-410
771
274
979
-536
-862
-968
-886
-729
-662
-958
-43
948
-86
-757
435
693
814
331
-499
666
-878
-962
-383
134
-602
-42
950
781
248
-929
-829
-308
632
-923
472
934
-603
-578
671
-237
994
-335
-80
507
-110
-175
-409
536
41
-27
871
897
-552
-268
159
356
61
-129
200
941
471
858
144
77
-186
705
-126
88
-363
-405
-186
-99
941
-18
776
-158
416
8
916
-197
-985
-474
-887
70
-50
810
282
-1000
-367
-827
-321
-11
-959
23
513
-151
332
720
341
74
344
-682
-819
912
620
-279
470
-476
-424
169
-117
-104
-349
-845
-348
516
-455
938
-184
193
112
248
722
601
107
733
-358
-824
-279
-352
-56
-160
899
-70
-620
379
651
859
-420
-252
250
554
-454
419
590
-172
-671
939
287
273
-318
191
678
182
884
752
268
16
-904
74
177
520
-100
427
-762
63
636
-476
968
-846
-931
-304
-101
-558
41
-67
31
121
923
-187
236
411
-52
-906
-992
173
289
-247
-569
-744
-486
893
964
-368
705
399
619
-636
-833
-674
-848
607
-876
862
-624
397
-122
-555
-717
811
-468
135
-383
-711
432
231
358
-515
208
-207
-10
293
-867
687
601
-936
448
239
-831
449
-983
-105
-475
790
-523
495
-663
-455
-338
875
64
333
401
-246
-790
906
-207
359
44
-498
-874
-564
-552
-47
-733
541
727
-156
-412
840
46
663
25
942
783
832
40
483
831
706
-741
776
-215
-16
797
388
869
655
985
-884
86
208
-593
-252
995
-166
-376
279
225
916
72
376
-765
-623
-769
701
541
464
628
344
750
-315
378
271
274
-350
-648
-204
-49
-733
-26
872
-264
97
-714
-400
502
877
-722
558
-208
-531
489
58
-458
-643
-32
-624
-427
-879
667
-359
887
149
251
-285
-565
-628
-625
-976
-601
844
-511
964
-706
136
-428
860
288
650
-803
-902
-900
-227
39
-674
353
791
933
-621
-877
46
879
-442
21
441
-426
704
-411
-656
-154
-317
436
766
574
-804
998
-978
165
564
711
-707
-395
720
-308
206
149
291
-864
471
-547
-188
918
644
-727
-479
636
916
815
666
-482
-554
70
819
279
-26
-91
430
29
905
-411
955
878
649
744
-911
-501
-891
22
-815
589
-184
313
294
90
-494
765
-354
-339
-689
256
492
574
222
-972
-935
-302
-78
-745
590
-353
136
757
-593
566
-934
331
501
-119
-208
-558
-819
482
-928
701
-254
325
491
-720
-722
128
245
878
325
-214
47
200
-743
-977
455
637
-733
665
-57
-392
307
-563
-297
-110
41
541
513
162
-843
-145
330
167
-609
631
-365
-341
65
-558
-95
769
-378
960
668
228
851
-9
751
105
-924
334
126
879
121
424
-725
-206
-855
-781
127
443
-395
-79
417
-593
-410
395
361
-502
711
373
-154
-522
-623
35
661
655
-429
16
376
-824
97
188
294
-909
497
-6
905
-442
-472
-471
-14
313
-217
906
596
286
97
348
-373
-468
754
-86
417
943
897
-687
88
246
-735
-332
101
-888
655
-623
-450
-57
-732
-427
312
736
-24
-775
514
-388
-713
-246
212
810
-308
298
363
521
-369
-707
-329
-723
353
-121
-903
-643
-282
-393
631
-812
-924
-990
468
-169
167
-510
912
-736
-677
811
-976
479
934
752
26
409
389
-185
363
122
981
781
-903
-58
479
64
147
-645
247
630
315
-171
179
650
-775
-744
348
-316
-688
533
91
853
-880
261
846
821
537
521
777
858
863
-913
-813
959
-884
994
-392
561
-701
41
261
-989
379
479
464
-608
-755
120
-162
788
448
-935
-667
223
-83
659
-644
-645
-905
-305
-221
-594
666
-561
-181
367
-629
271
-561
631
84
913
-396
423
972
168
959
235
103
445
733
724
837
89
-508
900
63
-823
-757
-607
802
655
-471
422
-682
820
-567
220
429
-266
-558
-208
707
-326
353
-441
-358
147
-838
-187
638
447
122
402
520
118
-847
791
-649
-33
20
-395
-726
926
-749
958
-81
-367
-462
430
376
466
-234
421
610
814
-650
523
-309
-96
-478
396
-962
-243
294
522
61
157
-346
-519
-450
396
168
265
833
-233
233
-373
-846
886
-740
-810
712
485
-992
-438
-176
334
-479
-270
-568
-117
3
413
-668
219
565
326
172
-88
-387
-431
358
301
-190
-24
-779
151
578
-48
256
25
736
-322
-456
-168
-682
-987
-456
-45
-88
574
197
837
559
-517
-141
-549
-980
225
-23
822
490
625
757
943
550
-732
183
617
-971
-949
-175
489
-981
-716
538
-398
-945
-864
-906
-275
573
335
-324
79
532
482
-88
-593
-266
-472
-848
-771
459
796
787
-634
959
