500
-759
302
-944
-345
909
-864
-290
838
-298
722
486
-478
-903
312
489
338
-799
118
806
-578
-530
521
573
789
600
-349
-260
-953
851
-210
-122
-594
-804
717
-364
707
689
692
-663
-213
219
-169
-932
619
-148
747
-351
-110
-780
214
673
-351
-280
79
-588
728
14
585
-375
-89
-846
58
70
-862
917
989
-463
590
602
752
199
190
508
212
-27
193
-233
811
-988
211
245
783
-113
-970
104
-101
-784
-270
199
50
-124
-764
-853
828
-261
-575
861
-420
120
-463
235
23
-897
-569
-503
-445
24
646
-940
-295
301
213
490
75
21
900
844
599
-993
-767
-633
-806
629
271
718
881
-739
852
784
745
284
-533
-386
938
-325
-320
-793
569
365
362
-981
525
258
238
324
250
-986
804
587
-99
761
-431
-712
801
37
71
-793
914
-623
721
-379
-288
-826
-133
-43
-276
-428
719
-439
423
-141
793
-20
-736
-392
104
52
-593
-731
-396
-340
390
-822
-19
-384
-830
217
-475
479
895
-177
98
-453
367
-784
231
-281
340
-100
-848
-956
-464
108
44
103
-181
312
-836
4
898
897
-729
376
-440
-482
-767
266
-589
877
-137
-112
-546
-607
344
-373
-946
-350
69
-892
802
330
633
-345
-764
-370
145
997
801
-27
-335
-991
409
-199
-457
-843
-97
-706
-63
-933
116
439
-909
789
174
626
-117
415
390
163
-843
-139
-236
920
848
-860
447
-301
-885
833
354
-154
9
-199
-965
425
-755
-291
-972
460
-603
628
-102
-645
-91
-163
-479
-75
-943
145
-101
-883
-700
-374
879
-499
1
476
558
-622
-663
-656
428
939
-670
-396
256
-595
95
-758
-408
-44
-409
275
835
701
970
29
-621
-356
-511
792
849
354
-260
41
-570
-1
402
232
-714
-240
640
81
-701
-282
992
18
-380
184
184
18
-763
-462
-917
-977
226
316
68
-964
-127
977
-412
-237
666
25
-423
-860
-975
193
447
164
275
-589
-516
-466
227
560
-744
-739
915
312
611
-733
418
640
984
-367
752
-496
444
-626
-508
28
-484
155
796
-391
826
-147
316
-811
123
-735
215
-905
-350
943
-72
-924
964
832
586
454
-456
336
-320
-474
-482
-500
68
152
-380
-284
233
-493
-424
-304
-357
-456
-292
494
-922
-63
-952
416
-901
840
-432
-320
-892
-918
-554
18
126
-523
-886
-318
365
-421
-82
473
517
-830
-993
-27
682
229
-832
992
-840
144
-836
581
923
-132
66
873
565
577
424
76
-678
424
-558
513
163
-530
935
705
597
-853
180
729
816
-843
515
-491
-472
-218
-497
-623
913
221
862
36
648
615
-632
-989
-876
-250
385
-271
-343
-12
763
-500
197
-186
940
